No buffer 

|   1 |   2 |   3 |   6 |   4 |   5 |   7 |   8 |  12 |   9 |  18 |  10 |
|  10 |  19 |  26 |  34 |  60 |  67 |  69 |  72 |  72 |  83 |  78 | 102 |

|  11 |  13 |  14 |  15 |  24 |  16 |  17 |  19 |  30 |  20 |  21 |  36 |
| 109 | 111 | 114 | 121 | 116 | 140 | 147 | 149 | 142 | 156 | 163 | 152 |

|  22 |  23 |  25 |  26 |  42 |  27 |  48 |  28 |  29 |  31 |  32 |  33 |
| 182 | 189 | 191 | 194 | 182 | 205 | 188 | 224 | 231 | 233 | 236 | 243 |

|  54 |  34 |  35 |  60 |  37 |  38 |  39 |  66 |  40 |  41 |  43 |  44 |
| 226 | 262 | 269 | 248 | 275 | 278 | 285 | 262 | 304 | 311 | 313 | 316 |

|  72 |  45 |  78 |  46 |  47 |  49 |  50 |  51 |  84 |  52 |  53 |  55 |
| 292 | 327 | 298 | 346 | 353 | 355 | 358 | 365 | 336 | 384 | 391 | 393 |

|  90 |  56 |  57 |  96 |  58 |  59 |  61 |  62 | 102 |  63 | 108 |  64 |
| 362 | 400 | 407 | 372 | 426 | 433 | 435 | 438 | 402 | 449 | 408 | 468 |

|  65 |  67 |  68 |  69 | 114 |  70 |  71 | 120 |  73 |  74 |  75 | 126 |
| 475 | 477 | 480 | 487 | 446 | 506 | 513 | 468 | 519 | 522 | 529 | 482 |

|  76 |  77 |  79 |  80 | 132 |  81 | 138 |  82 |  83 |  85 |  86 | 144 |
| 548 | 555 | 557 | 560 | 512 | 571 | 518 | 590 | 597 | 599 | 602 | 548 |

|  87 |  88 |  89 |  91 |  92 |  93 |  94 |  95 |  97 |  98 |  99 | 100 |
| 613 | 628 | 635 | 637 | 640 | 647 | 662 | 669 | 671 | 674 | 681 | 696 |

| 101 | 103 | 104 | 105 | 106 | 107 | 109 | 110 | 111 | 112 | 113 | 115 |
| 703 | 705 | 708 | 715 | 730 | 737 | 739 | 742 | 749 | 764 | 771 | 773 |

| 116 | 117 | 118 | 119 | 121 | 122 | 123 | 124 | 125 | 127 | 128 | 129 |
| 776 | 783 | 798 | 805 | 807 | 810 | 817 | 832 | 839 | 841 | 844 | 851 |

| 130 | 131 | 133 | 134 | 135 | 136 | 137 | 139 | 140 | 141 | 142 | 143 |
| 866 | 873 | 875 | 878 | 885 | 900 | 907 | 909 | 912 | 919 | 934 | 941 |

|

Porabljenih je bilo 1084 ur, od tega
545 ur v prvi izmeni in
539 ur v drugi izmeni
To pomeni 67 dni
