Buffer za D = 1500 in buffer za G = 3000 .

|   1 |   2 |   3 |   6 |   4 |   5 |   7 |   9 |  10 |  43 |  41 |  49 |
|  10 |  19 |  26 |  34 |  60 |  67 |  69 |  71 |  78 |  73 |  91 |  87 |

|  42 |  44 |  45 |  46 |  47 |  48 |  81 |  82 |  83 |  86 |  84 |  85 |
| 102 | 104 | 107 | 114 | 133 | 140 | 111 | 114 | 121 | 122 | 140 | 147 |

|  87 | 105 | 106 | 107 | 108 | 125 | 124 | 126 | 127 | 130 | 128 | 129 |
| 149 | 135 | 142 | 157 | 164 | 151 | 156 | 158 | 165 | 166 | 184 | 191 |

| 131 | 132 | 153 | 156 | 154 | 155 | 171 | 172 | 173 | 180 | 177 | 179 |
| 193 | 196 | 183 | 184 | 204 | 211 | 199 | 202 | 209 | 206 | 227 | 233 |

| 193 | 194 | 195 | 203 | 201 | 202 | 204 | 225 | 226 | 227 | 228 | 245 |
| 223 | 226 | 233 | 229 | 251 | 258 | 260 | 243 | 250 | 276 | 283 | 270 |

| 244 | 246 | 247 | 250 | 248 | 249 | 251 | 252 | 273 | 276 | 274 | 275 |
| 275 | 277 | 284 | 285 | 303 | 310 | 312 | 315 | 302 | 304 | 324 | 331 |

| 291 | 292 | 293 | 300 | 297 | 299 | 313 | 314 | 315 | 323 | 321 | 322 |
| 319 | 322 | 329 | 326 | 347 | 353 | 343 | 346 | 353 | 349 | 371 | 378 |

| 324 | 345 | 346 | 347 | 348 | 365 | 364 | 366 | 367 | 370 | 368 | 369 |
| 380 | 363 | 370 | 396 | 403 | 390 | 395 | 397 | 404 | 405 | 423 | 430 |

| 371 | 372 | 393 | 396 | 394 | 395 | 411 | 412 | 413 | 420 | 417 | 419 |
| 432 | 435 | 422 | 424 | 444 | 451 | 439 | 442 | 449 | 446 | 467 | 473 |

| 433 | 434 | 435 | 443 | 441 | 442 | 444 | 465 | 466 | 467 | 468 | 485 |
| 463 | 466 | 473 | 469 | 491 | 498 | 500 | 483 | 490 | 516 | 523 | 510 |

| 484 | 486 | 487 | 490 | 488 | 489 | 491 | 492 | 513 | 516 | 514 | 515 |
| 515 | 517 | 524 | 525 | 543 | 550 | 552 | 555 | 542 | 544 | 564 | 571 |

| 531 | 532 | 533 | 540 | 537 | 539 | 553 | 554 | 555 | 563 | 561 | 562 |
| 559 | 562 | 569 | 566 | 587 | 593 | 583 | 586 | 593 | 589 | 611 | 618 |

|

Porabljenih je bilo 1180 ur, od tega
593 ur v prvi izmeni in
587 ur v drugi izmeni
To pomeni 73 dni
