Buffer za D = 1000 in buffer za G = 4000 .

|   1 |   2 |   3 |  11 |   4 |   7 |  12 |  13 |  25 |  28 |  26 |  27 |
|  10 |  19 |  26 |  29 |  60 |  65 |  64 |  67 |  63 |  64 |  82 |  89 |

|  29 |  33 |  34 |  35 |  65 |  66 |  67 |  68 |  69 |  75 |  73 |  74 |
|  91 |  91 |  98 | 113 |  91 |  94 |  97 | 100 | 107 | 105 | 123 | 130 |

|  76 |  81 |  97 | 100 |  98 |  99 | 101 | 105 | 106 | 107 | 137 | 138 |
| 132 | 131 | 123 | 130 | 148 | 155 | 157 | 157 | 164 | 185 | 163 | 166 |

| 139 | 140 | 141 | 147 | 145 | 146 | 148 | 153 | 169 | 172 | 170 | 171 |
| 169 | 172 | 179 | 177 | 195 | 202 | 204 | 203 | 195 | 202 | 220 | 227 |

| 173 | 177 | 178 | 179 | 209 | 210 | 211 | 212 | 213 | 219 | 217 | 218 |
| 229 | 229 | 236 | 257 | 235 | 238 | 241 | 244 | 251 | 249 | 267 | 274 |

| 220 | 225 | 241 | 244 | 242 | 243 | 245 | 249 | 250 | 251 | 281 | 282 |
| 276 | 275 | 267 | 274 | 292 | 299 | 301 | 301 | 308 | 329 | 307 | 310 |

| 283 | 284 | 285 | 291 | 289 | 290 | 292 | 297 | 313 | 316 | 314 | 315 |
| 313 | 316 | 323 | 321 | 339 | 346 | 348 | 347 | 339 | 346 | 364 | 371 |

| 317 | 321 | 322 | 323 | 353 | 354 | 355 | 356 | 357 | 363 | 361 | 362 |
| 373 | 373 | 380 | 401 | 379 | 382 | 385 | 388 | 395 | 393 | 411 | 418 |

| 364 | 369 | 385 | 388 | 386 | 387 | 389 | 393 | 394 | 395 | 425 | 426 |
| 420 | 419 | 411 | 418 | 436 | 443 | 445 | 445 | 452 | 473 | 451 | 454 |

| 427 | 428 | 429 | 435 | 433 | 434 | 436 | 441 | 457 | 460 | 458 | 459 |
| 457 | 460 | 467 | 465 | 483 | 490 | 492 | 491 | 483 | 490 | 508 | 515 |

| 461 | 465 | 466 | 467 | 497 | 498 | 499 | 500 | 501 | 507 | 505 | 506 |
| 517 | 517 | 524 | 545 | 523 | 526 | 529 | 532 | 539 | 537 | 555 | 562 |

| 508 | 513 | 529 | 532 | 530 | 531 | 533 | 537 | 538 | 539 | 570 | 569 |
| 564 | 563 | 555 | 562 | 580 | 587 | 589 | 589 | 596 | 617 | 590 | 599 |

|

Porabljenih je bilo 1168 ur, od tega
585 ur v prvi izmeni in
583 ur v drugi izmeni
To pomeni 73 dni
