Buffer za D = 1500 in buffer za G = 10000 .

|   1 |   2 |   3 |   6 |   4 |   5 |   7 |   9 |  13 |  10 |  11 |  12 |
|  10 |  19 |  26 |  34 |  60 |  67 |  69 |  71 |  71 |  82 |  97 | 104 |

|  41 |  42 |  43 |  47 |  45 |  46 |  49 |  50 |  51 |  52 |  53 |  81 |
|  79 |  82 |  89 |  89 | 107 | 114 | 115 | 118 | 125 | 140 | 147 | 123 |

|  82 |  83 |  84 |  87 |  85 |  86 |  88 |  89 |  93 |  90 |  91 |  92 |
| 126 | 129 | 136 | 137 | 155 | 162 | 164 | 167 | 167 | 178 | 193 | 200 |

|  94 |  95 | 129 | 132 | 130 | 131 | 133 | 134 | 138 | 135 | 136 | 137 |
| 202 | 205 | 179 | 180 | 198 | 205 | 207 | 210 | 210 | 221 | 236 | 243 |

| 139 | 171 | 172 | 175 | 173 | 174 | 176 | 177 | 181 | 178 | 179 | 180 |
| 245 | 217 | 224 | 225 | 243 | 250 | 252 | 255 | 255 | 266 | 281 | 288 |

| 182 | 214 | 215 | 218 | 216 | 217 | 224 | 219 | 220 | 221 | 222 | 223 |
| 290 | 262 | 269 | 270 | 288 | 295 | 292 | 301 | 304 | 311 | 326 | 333 |

| 225 | 257 | 258 | 261 | 259 | 260 | 262 | 265 | 266 | 267 | 268 | 297 |
| 335 | 307 | 314 | 315 | 333 | 340 | 342 | 343 | 350 | 365 | 372 | 347 |

| 298 | 299 | 300 | 303 | 301 | 302 | 304 | 305 | 309 | 306 | 307 | 308 |
| 350 | 353 | 360 | 361 | 379 | 386 | 388 | 391 | 391 | 402 | 417 | 424 |

| 310 | 311 | 345 | 348 | 346 | 347 | 349 | 350 | 354 | 351 | 352 | 353 |
| 426 | 429 | 403 | 404 | 422 | 429 | 431 | 434 | 434 | 445 | 460 | 467 |

| 355 | 387 | 388 | 391 | 389 | 390 | 392 | 393 | 397 | 394 | 395 | 396 |
| 469 | 441 | 448 | 449 | 467 | 474 | 476 | 479 | 479 | 490 | 505 | 512 |

| 398 | 430 | 431 | 434 | 432 | 433 | 440 | 435 | 436 | 437 | 438 | 439 |
| 514 | 486 | 493 | 494 | 512 | 519 | 516 | 525 | 528 | 535 | 550 | 557 |

| 441 | 473 | 474 | 477 | 475 | 476 | 478 | 481 | 482 | 483 | 484 | 513 |
| 559 | 531 | 538 | 539 | 557 | 564 | 566 | 567 | 574 | 589 | 596 | 571 |

|

Porabljenih je bilo 1084 ur, od tega
545 ur v prvi izmeni in
539 ur v drugi izmeni
To pomeni 67 dni
