Buffer za D = 5000 in buffer za G = 5000 .

|   1 |   2 |   3 |   6 |   4 |   5 |   7 |   8 |  12 |   9 |  18 |  10 |
|  10 |  19 |  26 |  34 |  60 |  67 |  69 |  72 |  72 |  83 |  78 | 102 |

|  11 |  13 |  14 |  15 |  24 |  16 |  33 |  17 |  19 |  20 |  21 |  22 |
| 109 | 111 | 114 | 121 | 116 | 140 | 127 | 151 | 153 | 156 | 163 | 178 |

|  23 |  25 |  26 |  27 |  28 |  29 |  89 |  94 |  90 |  91 |  92 |  93 |
| 185 | 187 | 190 | 197 | 212 | 219 | 163 | 162 | 170 | 177 | 192 | 199 |

|  95 | 116 | 101 | 113 | 114 | 115 | 117 | 121 | 145 | 122 | 123 | 153 |
| 201 | 184 | 203 | 199 | 214 | 221 | 223 | 223 | 203 | 234 | 249 | 223 |

| 125 | 146 | 147 | 148 | 149 | 174 | 150 | 154 | 169 | 170 | 171 | 173 |
| 259 | 242 | 245 | 252 | 267 | 246 | 278 | 278 | 267 | 274 | 289 | 295 |

| 185 | 186 | 187 | 203 | 201 | 202 | 204 | 209 | 205 | 206 | 215 | 207 |
| 287 | 290 | 297 | 285 | 303 | 310 | 312 | 311 | 319 | 326 | 321 | 345 |

| 208 | 210 | 211 | 212 | 213 | 214 | 216 | 217 | 221 | 263 | 261 | 262 |
| 352 | 354 | 357 | 364 | 379 | 386 | 388 | 391 | 395 | 357 | 375 | 382 |

| 269 | 264 | 265 | 266 | 275 | 267 | 268 | 270 | 271 | 272 | 273 | 274 |
| 379 | 388 | 391 | 398 | 393 | 417 | 424 | 426 | 429 | 436 | 451 | 458 |

| 276 | 277 | 281 | 323 | 321 | 322 | 324 | 329 | 325 | 326 | 335 | 327 |
| 460 | 463 | 467 | 429 | 447 | 454 | 456 | 455 | 463 | 470 | 465 | 489 |

| 328 | 330 | 331 | 332 | 333 | 334 | 336 | 337 | 341 | 383 | 381 | 382 |
| 496 | 498 | 501 | 508 | 523 | 530 | 532 | 535 | 539 | 501 | 519 | 526 |

| 389 | 384 | 385 | 386 | 395 | 387 | 388 | 390 | 391 | 392 | 393 | 394 |
| 523 | 532 | 535 | 542 | 537 | 561 | 568 | 570 | 573 | 580 | 595 | 602 |

| 396 | 397 | 401 | 443 | 441 | 449 | 442 | 444 | 445 | 446 | 447 | 448 |
| 604 | 607 | 611 | 573 | 591 | 587 | 602 | 604 | 607 | 614 | 629 | 636 |

|

Porabljenih je bilo 1084 ur, od tega
545 ur v prvi izmeni in
539 ur v drugi izmeni
To pomeni 67 dni
