Buffer za D = 4000 in buffer za G = 4000 .

|   1 |   2 |   3 |   6 |   4 |   5 |   7 |   8 |  12 |   9 |  21 |  10 |
|  10 |  19 |  26 |  34 |  60 |  67 |  69 |  72 |  72 |  83 |  75 | 102 |

|  11 |  13 |  14 |  27 |  15 |  16 |  17 |  22 |  23 |  24 |  25 |  26 |
| 109 | 111 | 114 | 105 | 125 | 140 | 147 | 146 | 149 | 156 | 171 | 178 |

|  73 |  74 |  82 |  75 |  76 |  81 |  83 |  84 |  85 | 103 | 101 | 102 |
| 135 | 138 | 134 | 149 | 164 | 167 | 169 | 172 | 179 | 165 | 183 | 190 |

| 109 | 104 | 105 | 106 | 107 | 108 | 110 | 111 | 113 | 146 | 121 | 145 |
| 187 | 196 | 199 | 206 | 221 | 228 | 230 | 233 | 239 | 210 | 251 | 235 |

| 147 | 148 | 149 | 163 | 161 | 162 | 164 | 169 | 165 | 166 | 167 | 168 |
| 237 | 240 | 247 | 237 | 255 | 262 | 264 | 263 | 271 | 278 | 293 | 300 |

| 170 | 171 | 173 | 210 | 181 | 209 | 211 | 212 | 216 | 213 | 226 | 214 |
| 302 | 305 | 311 | 278 | 323 | 303 | 305 | 308 | 308 | 319 | 310 | 338 |

| 215 | 221 | 222 | 223 | 224 | 225 | 227 | 253 | 262 | 254 | 255 | 261 |
| 345 | 343 | 346 | 353 | 368 | 375 | 377 | 355 | 350 | 366 | 381 | 383 |

| 263 | 264 | 265 | 290 | 266 | 289 | 291 | 292 | 296 | 293 | 306 | 294 |
| 385 | 388 | 395 | 374 | 414 | 399 | 401 | 404 | 404 | 415 | 406 | 434 |

| 295 | 301 | 302 | 303 | 304 | 305 | 307 | 333 | 342 | 334 | 335 | 341 |
| 441 | 439 | 442 | 449 | 464 | 471 | 473 | 451 | 446 | 462 | 477 | 479 |

| 343 | 344 | 345 | 370 | 346 | 369 | 371 | 372 | 376 | 373 | 386 | 374 |
| 481 | 484 | 491 | 470 | 510 | 495 | 497 | 500 | 500 | 511 | 502 | 530 |

| 375 | 381 | 382 | 383 | 384 | 385 | 387 | 413 | 422 | 414 | 415 | 421 |
| 537 | 535 | 538 | 545 | 560 | 567 | 569 | 547 | 542 | 558 | 573 | 575 |

| 423 | 424 | 425 | 450 | 426 | 449 | 451 | 452 | 456 | 453 | 454 | 455 |
| 577 | 580 | 587 | 566 | 606 | 591 | 593 | 596 | 596 | 607 | 622 | 629 |

|

Porabljenih je bilo 1084 ur, od tega
545 ur v prvi izmeni in
539 ur v drugi izmeni
To pomeni 67 dni
