Buffer za D = 3000 in buffer za G = 4000 .

|   1 |   2 |   3 |   6 |   4 |   5 |   7 |   8 |  12 |   9 |  10 |  11 |
|  10 |  19 |  26 |  34 |  60 |  67 |  69 |  72 |  72 |  83 |  98 | 105 |

|  13 |  14 |  15 |  21 |  25 |  61 |  62 |  63 |  64 |  67 |  65 |  66 |
| 107 | 110 | 117 | 127 | 131 |  99 | 102 | 105 | 112 | 113 | 131 | 138 |

|  68 |  69 |  73 |  70 |  71 |  72 |  74 |  75 |  76 |  77 |  83 | 123 |
| 140 | 143 | 143 | 154 | 169 | 176 | 178 | 181 | 188 | 203 | 205 | 169 |

| 124 | 125 | 126 | 129 | 127 | 128 | 130 | 135 | 131 | 132 | 133 | 134 |
| 172 | 175 | 182 | 183 | 201 | 208 | 210 | 209 | 217 | 224 | 239 | 246 |

| 136 | 137 | 138 | 139 | 185 | 145 | 186 | 187 | 188 | 191 | 189 | 190 |
| 248 | 251 | 258 | 273 | 231 | 279 | 242 | 245 | 252 | 253 | 271 | 278 |

| 192 | 193 | 197 | 194 | 195 | 196 | 198 | 199 | 201 | 210 | 211 | 249 |
| 280 | 283 | 283 | 294 | 309 | 316 | 318 | 321 | 327 | 334 | 341 | 307 |

| 250 | 251 | 252 | 255 | 253 | 254 | 256 | 257 | 261 | 258 | 259 | 260 |
| 310 | 313 | 320 | 321 | 339 | 346 | 348 | 351 | 351 | 362 | 377 | 384 |

| 262 | 263 | 265 | 274 | 275 | 313 | 314 | 315 | 316 | 319 | 317 | 318 |
| 386 | 389 | 395 | 402 | 409 | 375 | 378 | 381 | 388 | 389 | 407 | 414 |

| 320 | 321 | 325 | 322 | 323 | 324 | 326 | 327 | 329 | 338 | 339 | 377 |
| 416 | 419 | 419 | 430 | 445 | 452 | 454 | 457 | 463 | 470 | 477 | 443 |

| 378 | 379 | 380 | 383 | 381 | 382 | 384 | 385 | 389 | 386 | 387 | 388 |
| 446 | 449 | 456 | 457 | 475 | 482 | 484 | 487 | 487 | 498 | 513 | 520 |

| 390 | 391 | 393 | 402 | 403 | 441 | 442 | 443 | 444 | 447 | 445 | 446 |
| 522 | 525 | 531 | 538 | 545 | 511 | 514 | 517 | 524 | 525 | 543 | 550 |

| 448 | 449 | 453 | 450 | 451 | 452 | 454 | 455 | 457 | 466 | 467 | 505 |
| 552 | 555 | 555 | 566 | 581 | 588 | 590 | 593 | 599 | 606 | 613 | 579 |

|

Porabljenih je bilo 1084 ur, od tega
545 ur v prvi izmeni in
539 ur v drugi izmeni
To pomeni 68 dni
