Buffer za D = 2000 in buffer za G = 2000 .

|   1 |   2 |   3 |   6 |   4 |   5 |   7 |   8 |  12 |   9 |  10 |  11 |
|  10 |  19 |  26 |  34 |  60 |  67 |  69 |  72 |  72 |  83 |  98 | 105 |

|  13 |  25 |  45 |  48 |  46 |  47 |  49 |  54 |  50 |  51 |  52 |  53 |
| 107 |  99 |  87 |  88 | 106 | 113 | 115 | 114 | 122 | 129 | 144 | 151 |

|  55 |  81 |  82 |  90 |  83 |  89 |  91 |  92 | 105 | 108 | 106 | 107 |
| 153 | 131 | 138 | 134 | 157 | 159 | 161 | 164 | 159 | 160 | 178 | 185 |

| 109 | 110 | 114 | 111 | 112 | 113 | 115 | 145 | 146 | 149 | 147 | 148 |
| 187 | 190 | 190 | 201 | 216 | 223 | 225 | 199 | 206 | 207 | 225 | 232 |

| 150 | 151 | 155 | 152 | 153 | 154 | 156 | 185 | 186 | 189 | 187 | 188 |
| 234 | 237 | 237 | 248 | 263 | 270 | 272 | 247 | 254 | 255 | 273 | 280 |

| 190 | 192 | 196 | 193 | 194 | 195 | 225 | 226 | 227 | 230 | 228 | 229 |
| 282 | 284 | 284 | 295 | 310 | 317 | 291 | 294 | 301 | 302 | 320 | 327 |

| 231 | 232 | 236 | 233 | 234 | 235 | 237 | 249 | 269 | 272 | 270 | 271 |
| 329 | 332 | 332 | 343 | 358 | 365 | 367 | 359 | 347 | 348 | 366 | 373 |

| 273 | 278 | 274 | 275 | 276 | 277 | 279 | 305 | 306 | 314 | 307 | 313 |
| 375 | 374 | 382 | 389 | 404 | 411 | 413 | 391 | 398 | 394 | 417 | 419 |

| 315 | 316 | 329 | 332 | 330 | 331 | 333 | 334 | 338 | 335 | 336 | 337 |
| 421 | 424 | 419 | 420 | 438 | 445 | 447 | 450 | 450 | 461 | 476 | 483 |

| 339 | 369 | 370 | 373 | 371 | 372 | 374 | 375 | 379 | 376 | 377 | 378 |
| 485 | 459 | 466 | 467 | 485 | 492 | 494 | 497 | 497 | 508 | 523 | 530 |

| 380 | 409 | 410 | 413 | 411 | 412 | 414 | 416 | 420 | 417 | 418 | 419 |
| 532 | 507 | 514 | 515 | 533 | 540 | 542 | 544 | 544 | 555 | 570 | 577 |

| 449 | 450 | 451 | 454 | 452 | 453 | 455 | 456 | 460 | 457 | 458 | 459 |
| 551 | 554 | 561 | 562 | 580 | 587 | 589 | 592 | 592 | 603 | 618 | 625 |

|

Porabljenih je bilo 1084 ur, od tega
545 ur v prvi izmeni in
539 ur v drugi izmeni
To pomeni 68 dni
